1329681854 0
1330333311 170
1330388304 331
1330447544 315
1330474764 355
1330541809 486
1330560713 574
1330607122 623
1330617910 687
1330635731 723
1330636485 723
1330637180 723
1330639803 723
1330675474 743
1330816594 677
1330900529 821
1330909924 932
1331024897 1000
1331028327 1009
1331047930 1216
1331168172 1346
1331215087 1415
1331229118 1408
1331231781 1417
1331316864 1438
1331338866 1438
1331401107 1435
1331408877 1408
1331763480 1408
1332094490 1381
1332099263 1381
1332113124 1291
1332113573 1291
1332169239 1293
1332383371 1464
1332497842 1342
